77.58051828
[[ -4.20290000e-02  -5.11640000e-02  -3.67000000e-03]
 [ -2.94900000e-03  -2.15520000e-02  -1.89060000e-02]
 [  2.10000000e-03   7.09530000e-02   4.60050000e-02]
 [  1.57130000e-02   8.47200000e-03   1.46190000e-02]
 [  5.60200000e-03  -1.62720000e-02  -1.55940000e-02]
 [ -5.09900000e-03  -1.48580000e-02  -2.37750000e-02]
 [  8.12200000e-03   2.14270000e-02  -2.37210000e-02]
 [  2.27740000e-02  -1.33780000e-02   1.18520000e-02]
 [ -6.70000000e-05  -1.17700000e-02  -4.29400000e-03]
 [ -5.82500000e-03   2.33000000e-03   1.51940000e-02]
 [  1.33970000e-02   9.89000000e-03   2.89500000e-03]
 [ -1.76810000e-02   9.62200000e-03  -3.55300000e-03]
 [ -4.41500000e-03   1.62870000e-02   1.26560000e-02]
 [  1.03580000e-02  -9.98900000e-03  -9.70700000e-03]]
