14

 C         6.48204         3.67397         10.1472
 C         6.24884         6.18825         9.58611
 C         5.53827         4.82632         9.76489
 C         7.18813         3.86513         11.5124
 H         5.02644          4.5533         8.83418
 H         7.22965         3.56136         9.35125
 H         5.90932         2.74026         10.1509
 H         6.04296         6.62193         8.60493
 H         4.75415         4.90888         10.5277
 H         7.33495          6.0887         9.67134
 H         6.91769         3.07768         12.2201
 H         5.93356         6.91976         10.3349
 H         8.27691         3.85599           11.42
 H         6.91706         4.81849         11.9741
