14

 C           5.936         3.68547         9.32959
 C         6.45914         6.09259         9.90174
 C         6.04383         4.72332         10.4611
 C         7.02101         4.28061         11.5655
 H         5.00167         3.79573         8.77148
 H         6.76017          3.7981         8.61597
 H          5.9769         2.66271          9.7165
 H         5.76418         6.44381         9.13212
 H         5.04984         4.83289         10.9176
 H         7.45496         6.02383          9.4497
 H         6.94259         3.20858         11.7675
 H         6.50677          6.8514          10.689
 H          8.0583          4.4896         11.2805
 H         6.82463         4.81137         12.5017
