14

 C         6.24219         3.64377         9.67395
 C         6.34211         6.17468         9.72265
 C         5.73305         4.85261         10.0374
 C         7.21361         4.03156         11.7775
 H         5.06181         4.25814         8.33089
 H         7.15962         3.57377         9.10526
 H         5.72333         2.72725         9.91217
 H         5.70794         6.68641         8.99146
 H         4.79087          4.8557         10.5779
 H         7.34494         6.06981         9.30553
 H         6.92131         3.07609         12.2061
 H         6.38439         6.79845         10.6196
 H         8.24905         4.06973         11.4462
 H         6.92577         4.88203         12.3934
