14

 C         6.05427         3.59859         9.42206
 C          6.4565          6.1234          9.9553
 C         5.84544         4.78746         10.3305
 C         7.03114         4.28195         11.4855
 H         5.22934         3.80057         8.62212
 H         6.91696         3.62452         8.76191
 H         5.68412         2.63297         9.76319
 H         5.76447         6.73533         9.36099
 H         4.98094         4.73916         10.9914
 H          7.3598         5.97505         9.35791
 H         6.84173         3.28269         11.8817
 H         6.71783         6.70165         10.8446
 H         8.02094         4.39129         11.0443
 H          6.8965         5.02539         12.2785
