14

 C         6.49023         3.74671         10.2381
 C         6.21364          6.2715         9.47555
 C         5.56331         4.93918         9.90339
 C         7.24098         3.70922         11.5915
 H         5.19057          4.5298         8.93722
 H         7.21191         3.68116          9.4232
 H         5.82884         2.87658         10.1859
 H         5.95483         6.53009         8.44926
 H         4.57219         4.94748         10.3679
 H         7.30369         6.21228          9.5398
 H          7.0678         2.79542         12.1634
 H         5.90268         7.09871         10.1183
 H         8.32454         3.82672         11.4683
 H         6.93479         4.53516         12.2382
