14

 C         6.01171         3.66991         9.33557
 C         6.39837         6.10763          9.9177
 C         6.02237         4.72229         10.4483
 C         7.02706         4.28661         11.5395
 H         5.23115         3.89269          8.5962
 H         6.96479         3.64662         8.79604
 H          5.7699         2.67909         9.72699
 H         5.62649         6.50749          9.2499
 H          5.0424         4.74694         10.9463
 H         7.33123         6.05608         9.35256
 H         6.79139         3.28885         11.9226
 H         6.53744         6.82682         10.7368
 H         8.04941         4.28507          11.147
 H          6.9963         4.98393         12.3845
