14

 C         6.46681          3.6514         10.0392
 C         6.24817         6.23447         9.51653
 C         5.63767         4.87731         9.90978
 C         7.14295         3.84832         11.6341
 H         5.19791         4.62123         8.89797
 H         7.39597          3.6353         9.47078
 H         5.92626         2.72939         10.2061
 H         5.69257         6.67411         8.69131
 H         4.67131         4.86296          10.417
 H         7.28865         6.11352         9.20345
 H         6.91516         2.89637         12.1172
 H         6.22891          6.9546         10.3401
 H         8.21716         3.90678         11.4506
 H         6.77051         4.69425         12.2059
