76.29401364
[[ -2.06265000e+00  -1.40766300e+00  -5.38095300e+00]
 [ -2.20039000e-01  -8.60740000e-02  -1.13130200e+00]
 [  2.02737000e+00   6.71023000e-01   4.86360600e+00]
 [  8.06700000e-03   1.46279200e+00   2.08454200e+00]
 [  2.49327000e-01  -2.28161000e-01  -1.92654000e-01]
 [  5.79308000e-01   3.11891000e-01   6.88553000e-01]
 [  1.73458000e-01   1.69184000e-01   9.12512000e-01]
 [  3.28720000e-02  -8.30540000e-02   3.74530000e-02]
 [ -4.77771000e-01  -3.23958000e-01  -1.03852700e+00]
 [ -9.77400000e-03   2.35800000e-03   2.07000000e-02]
 [ -1.83042000e-01  -2.00167000e-01  -4.67517000e-01]
 [ -1.65581000e-01  -5.01890000e-02  -4.33130000e-02]
 [ -7.19070000e-02  -1.75230000e-01  -5.28845000e-01]
 [  1.20361000e-01  -6.27520000e-02   1.75745000e-01]]
