76.48103041
[[  4.19842800e+00  -1.42244800e+00   3.57409400e+00]
 [  1.12607400e+00  -3.63715000e-01   7.46346000e-01]
 [ -4.74473700e+00   2.38288500e+00  -3.45037300e+00]
 [  1.69470000e+00  -1.46470500e+00   5.80930000e-02]
 [ -8.59773000e-01   5.43702000e-01  -3.52784000e-01]
 [ -5.91978000e-01   2.73177000e-01  -6.65367000e-01]
 [ -7.75640000e-01   6.32880000e-02  -5.16750000e-01]
 [ -8.31240000e-02  -6.98510000e-02   8.45390000e-02]
 [  5.16415000e-01  -3.75921000e-01   6.90878000e-01]
 [ -8.15700000e-03   2.10840000e-02  -3.33830000e-02]
 [ -4.40510000e-02   4.65400000e-03   1.67555000e-01]
 [  3.63770000e-02  -2.36530000e-02   1.89930000e-02]
 [ -2.11950000e-02   1.88668000e-01   1.24620000e-02]
 [ -4.43340000e-01   2.42834000e-01  -3.34305000e-01]]
